Rate,Log[L]
0.1256033360879685,-126.4678510680071
0.1062557696391129,-122.9096819938389
0.204414615356326,-197.8087946524238
0.1200008694948864,-122.565601551644
0.08928178490104537,-100.0852784763559
0.06267205006270977,-73.55927361298815
0.08912148638868654,-100.1121399326677
0.0627033037058418,-76.06538428935806
0.06766491973756535,-79.89119986769359
0.08328935039138281,-97.17521824619067
0.1892239803252912,-198.2859601589323
0.1557120057974037,-223.3061520566377
0.05254985105921136,-85.42311278859049
0.1436709446003368,-199.1601553386922
0.05669455135319067,-86.20871533565915
0.1103668130041726,-161.4478021858088
0.1054299830339928,-151.3411871431082
0.07665828131559839,-111.6678120967136
0.03904142425307808,-71.65086727909467
0.06633568831632591,-106.6605715065423
0.1917609174005682,-269.609487719641
0.361378117616179,-446.2310636694505
0.4359005608342614,-517.0551561494166
0.2650984942545848,-306.9977866496542
0.05059672750485868,-87.71272618485004
0.05039959491374803,-88.71257064328758
0.1458563210490637,-210.7301652828707
0.05408436554281368,-90.73108005932392
0.09722367746760052,-156.9479332792383
0.03449170926673276,-61.74534453605587
0.1975237415783824,-276.6338296328717
0.08117538007062677,-130.7512506151085
0.1723282885642554,-252.2567965691485
0.1924635778177957,-264.8557254993893
0.1242437263956337,-178.8196881573264
0.4955065610464319,-582.4108750103055
0.3671583960466976,-452.47976216801
0.06826162568149079,-13.77561770080905
0.42518357645338,-521.3390139439416
0.1088526780206903,-174.0058676674814
0.159652083459412,-225.1005506700958
0.4313528053188481,-53.61867557112158
0.9935633184639279,-992.5187360282104
0.03428328167136707,-62.43467423691604
0.2895354566100883,-380.5752608216159
0.03812075427464188,-64.57682789928455
0.3528647562482516,-440.6950024303121
0.183724281627773,-257.1143318281668
0.1000158044167765,-149.9915922269448
0.038051428845723,-66.14467027974018
0.04575627322778716,-84.61546186682233
0.06106008000653008,-102.2590351398688
0.06491600204780014,-106.6947800904623
0.107400401488558,-171.4990016397491
0.05343065929550407,-89.31413625021835
0.06880551335450613,-114.0809083606752
0.08443481018073913,-137.228942365822
0.2708046130274512,-364.1498541649951
0.2440391246588362,-325.2145400542233
0.6729947596707436,-744.7534161963874
0.9941687084841192,-980.0278381871409
0.3903339004315758,-481.6812308099503
0.1080015636165224,-167.634131373822
2.185520130510798,-1065.580308299654
1.80361208973167,-1333.683738527592
2.608384277086896,-1562.411932705299
0.6413938425512319,-238.3397771089636
2.301845799776481,-341.4163606908442
1.892581310325616,-1094.549828595645
2.901060385565978,-1292.941940591442
3.808973979694427,-1301.400881020678
2.978279840944401,-139.1384560204407
4.042585873825661,-157.9828422073943
2.97198087559285,-148.4176632657262
5.724044064018275,-175.9106952612757
3.910996994724614,-207.0805086429278
4.367370915837276,-337.4662552329611
4.556299593673711,-554.9255919208318
4.177734889108977,-751.8749352286929
4.157913035144455,-958.4174029875328
3.757384011647098,-1100.611326221794
4.070060804522912,-1296.429709243179
3.544323596544237,-1402.529897938529
2.020422047647566,-1217.379803857792
47.05978118486038,-18.02182669455862
6.11063567153691,-44.0249178526805
1.820466030296959,-1361.576859623021
1.124054698873697,-1021.951380899556
1.949435732980189,-1399.814293722466
1.247334557721581,-1084.196589523958
1.87175552788297,-68.18751419336785
1.683814089035407,-1110.346016616773
3.306715361238097,-1391.334903703316
4.636898383748377,-1343.544255220312
4.846664200880862,-1158.765748611035
3.392884814876477,-904.179650638295
3.274799984067434,-729.591425335698
3.724389059783247,-544.4350652541341
4.061016705122165,-325.658043385799
4.657735420544275,-205.0998009515089
5.926328897950914,-176.2444193549586
4.830844535663949,-157.9132254441256
4.912458049345082,-160.8125003448553
2.333751476571026,-136.1440607590122
0.5935299786743911,-144.7055931098667
3.961064069281494,-1343.970435823537
3.055541138502219,-1323.385883344012
1.66480970450018,-1040.018122832629
2.137188499984797,-1434.140157773863
1.953405197490783,-1362.840140672248
1.756553261431535,-1293.371210970847
0.2096533281531109,-294.5089552699412
0.3430646206626337,-441.8743533817026
0.9494089302879792,-972.9077053782364
0.1419741402528661,-225.0154671445705
0.03398112498384926,-62.95829806915623
0.03763042448350105,-68.27866416346031
0.4214391865591409,-510.0865327068331
0.8639260524255876,-877.5363422964082
0.01875828054094347,-38.26231207453141
0.1412085164267641,-213.6353979706341
0.1382332570840231,-206.2198254379859
0.07624563743036154,-126.5370980302917
0.09921422881852043,-152.9883329307406
0.1002211633999142,-158.6089903628888
0.106662151454732,-174.9513975000468
0.2234094673159291,-325.0724697111646
0.04143711516770711,-72.58233645257971
0.1452837251745262,-225.4295760980856
0.02625921705330231,-49.98548389869823
0.1216032897196684,-195.7515436951489
0.5526032618751128,-645.2198117995548
0.8455711302223876,-892.7087513760474
0.2962065225498368,-398.5312666425277
0.3964361946153698,-501.0648571714594
0.1181687995126987,-177.2466981018562
0.607149325679222,-686.6232432844993
0.447505503977536,-540.9982179251346
0.6692414872849074,-722.8183786827128
6.603466454656879,-11.30191895289746
1.066392389653403,-1041.809991135722
0.2433515440715096,-222.5877757625881
0.02250981771557042,-41.55912120106943
0.9319613060737403,-968.0974343568021
0.7108096098580453,-781.9269382938589
0.09085913634166305,-150.753862175732
1.458797920640145,-1289.209994722256
0.2500673718155131,-375.5646076745215
0.06793256459892436,-115.5177577950039
1.526984418635879,-1312.879511735504
1.953189373357104,-1495.012472204335
3.075450999132047,-1743.045197106425
2.287354622636963,-1568.323941615719
1.093304579957139,-1080.451143055213
0.5521483645290323,-647.6689716384146
1.172034536513063,-1097.015709321367
1.253223408821151,-1136.60236776841
1.477392516353891,-1231.75169257984
0.4810324261040215,-582.6676657265849
0.2315436808180356,-321.1456291187845
0.9387630422602399,-923.5681586973395
0.04506217575338517,-78.9260058816628
0.6608080638135155,-764.9562391736516
0.02248794971891357,-41.01006653951806
0.6007370215638912,-692.3732317287086
0.3772293292229491,-516.9176872485544
1.896872522890988,-1484.194329202011
2.146199103167965,-1549.203467976104
2.406511278793448,-1606.392135466799
1.890509432906128,-1441.603862266337
0.834331531670334,-863.684180902282
0.04122671590495605,-77.36868655057529
0.007451195371076851,-17.46556452958362
0.01118956168151179,-23.40446371253125
0.04888969078180058,-89.59512165746358
0.8058427775163263,-845.2456105260976
1.936416687083099,-1482.526713639869
2.015145561452125,-1475.336436689731
1.764623311649135,-1429.470933472286
1.844390109913051,-1498.810419795455
0.67118215265259,-793.7228758257714
0.8918373637894612,-884.6429880556674
0.07146960545607786,-127.5563768242057
0.03367854693321062,-62.39363433006369
0.01493139581768197,-29.05524986970451
0.226952680607246,-336.1242650232393
0.7320382622885171,-779.5442513128057
0.24352062500397,-332.9636678515678
0.65751611533871,-743.314529181327
0.9579533038902768,-943.8899880939447
1.132656224591469,-1061.750185435914
0.1713207906874644,-268.0562559304605
0.05628441195550418,-105.6623798473361
0.9691762742488663,-998.5251672033058
1.556664908889993,-1032.634081208164
1.581395067394899,-942.9772432910007
2.10780613917508,-961.4791525307505
2.796952753575383,-201.7131798704789
1.552466739371627,-826.5076055242323
2.674031416406637,-1038.217344864181
3.943100229710392,-1160.918189704432
3.624111357162078,-1131.557499050082
4.818278212038753,-1176.010427971118
1.508426891946867e-16,-1.386294361119891
4.737990541315404,-1159.800313873396
5.580869501424272,-1056.902628512764
1.720244804774212,-37.81575666213261
3.394732015446732,-1836.913365868089
3.260577477177571,-175.122343131275
2.597571591958894,-1611.642837748906
1.069379136155037,-1028.335408682965
0.03031608963680778,-8.377420118653987
1.143529377925283,-1061.973032326148
1.517104187431439,-1273.798408117741
1.331754529536847,-1233.596581158189
0.8544083292551763,-882.193593046456
1.770020221585168,-151.4442375342386
0.8298443215132297,-872.4898998478739
2.44571139257967,-1563.466948491075
3.047919020268157,-1784.038536842984
4.538143372292824,-1021.446328342538
3.636264828244562,-1072.045998546486
5.223580929545322,-6.43174940080358
43.46770292953374,-2.772588722239738
4.521753767946958,-1157.684001310284
3.272290408574055,-1101.865161325768
3.465395894966915,-1118.807341980242
2.543636938524773,-1032.26116264917
1.662478937628677,-837.5369702768276
1.583639448200044,-801.6142685423667
1.284673719309725,-1124.177868372779
0.0522961719506332,-92.54592039644717
0.07892668211236083,-131.05362334925
0.07123493660206792,-121.4600314591728
1.235868648396973,-93.65218890597843
0.4676527085135047,-565.3772055259053
2.294890490643624,-1571.077722185394
2.71240552894445,-1111.446328155644
0.9619326580368507,-439.4867135284212
0.8263322221141671,-367.7810208888674
0.2631790528139952,-4.532617648146015
0.9905703123638669,-350.3568168030375
0.5649680174869804,-147.8238885724715
0.6493014525258517,-101.4714518631893
2.048299746978718,-458.7564623937186
0.4218033575010008,-45.76125301356245
1.213279599187845,-301.4022727142374
2.240334891525523,-221.8646224599973
1.901870711246953,-79.72868142409044
1.395251276457834,-1223.327739199157
1.559314600269973,-1293.560937462452
2.010767459414435,-1475.827112387897
1.551281112630124,-1232.158307115224
1.786017675839995,-64.69842987562777
2.400823341475184,-82.6226603140437
2.550974515533354,-230.6743263748874
1.031086436579792,-265.6252525070477
2.403981189597119,-488.71556471708
0.8993230519679719,-333.5186071039239
0.7105017694351403,-340.0773005658554
0.8525674489771751,-418.5225354175382
2.465062998123164,-1071.781510141207
2.145034957108745,-1507.403932622191
1.042184222540643,-1029.466500782709
0.3908517464431666,-506.7052292631022
0.5851381780447565,-687.2408614519758
1.05747101538228,-1065.862761687606
2.360720631806684,-1617.367742880973
2.997279791931271,-1747.642011975872
2.276700743787443,-1611.291815719904
1.499913763378818,-1323.785967550423
0.05227845774254539,-94.91514421561922
0.0671858360242536,-127.0968627456293
0.6355228510311208,-716.5349797211015
0.6646076822024134,-758.0934183961122
0.9110020092845013,-964.7069969827119
0.6376385453406214,-780.1363204394895
0.6580020795173819,-727.0435749336972
0.513518157664272,-607.9176058800697
0.5582648882938511,-676.4748427422743
0.3227460360844479,-438.6514412587146
0.3919843047381492,-500.455979084054
0.2706236868318102,-381.3530885503364
0.8855233538052699,-885.4511923800914
0.8830770688764006,-937.8439394116899
1.085766428038786,-1095.397405320577
0.5227315409063632,-614.0573811919807
0.01112768995466618,-24.4871452939343
0.01113113174308763,-23.43200424765426
0.203030666198748,-300.5912886215556
0.007411938860761008,-18.21651281279755
0.01489002493714526,-33.12083168899706
0.6586865273955614,-774.7333887089899
0.09788622801426231,-158.3022235639727
1.151557815825857,-1104.63967697855
0.01115312951075997,-23.12154248705986
0.2168394597410637,-335.0101173138519
0.196840524557559,-317.0351387556961
0.007416458863411571,-16.44597754175369
0.04112329977141013,-78.22670331913467
0.5241521268856673,-670.3528414450516
0.8832392367092143,-941.9852333922603
1.606515109770787,-1395.449974663628
0.1399451456377699,-223.4031779771914
0.1013625935447107,-179.6966687256306
0.0409716216772916,-78.76837830701982
0.1086836600902778,-193.9921582662222
0.1237759897832568,-218.9665942164389
2.272584420281053,-1623.385686005138
0.6760911787773487,-785.632125443015
0.03356946650887839,-66.70913269902867
0.1281601749682113,-205.671011282581
1.58579753558479,-1409.15879760857
1.517418230275084,-1367.5954607942
0.1015026454918225,-174.4398166448129
0.04475112800681815,-83.27811499611302
0.01855612913425692,-37.09202129475509
0.1928224302153134,-313.6253846866776
0.2090246774496758,-328.5927722457165
0.1051380059485819,-172.0658324489935
0.5898349649129704,-712.3212162457542
0.04094523547284182,-75.65231495561207
2.143139491899262,-1577.337126747252
0.6910478243926432,-832.467865693485
0.8575903319993773,-872.5049091477728
0.1437895109430269,-231.4743838008138
0.01483921465032656,-29.29449290541103
0.1913549263927184,-290.466375938786
0.3338583568101729,-458.1583039199204
1.06314678029243,-1087.720719040148
0.8475332311002983,-916.4353413210906
0.007393734511838726,-18.20499940820281
0.05204840139353301,-100.5552663049734
0.2585581607167103,-372.7873938259842
0.1674222444254796,-248.2677721707097
0.354243167105293,-466.3726339541915
0.01481180480889061,-31.5739912275496
0.4804190578143272,-594.1966712349033
0.6317183784413494,-694.4383056144256
0.4820906757023297,-591.7029991754503
0.03340930045574646,-64.4262501567196
0.1124269045879553,-190.6925968838964
0.07506534315355441,-136.6781377449171
0.05588747246334577,-99.76508176380382
0.03341220143426182,-64.3896889316991
0.02597393739505691,-49.35890872724148
0.3280297455497388,-430.3039054070337
0.5908533413657733,-666.1846350131309
0.7602979841346686,-831.726110277667
0.2055696890378166,-301.6048802668076
0.67846822163342,-729.3051921966264
0.9959900423534467,-994.8673007864753
0.01850725772367344,-38.16440615071078
0.3587980899781202,-474.9973447668065
0.1668806354614865,-243.8747531405781
0.3258429577190053,-440.0586711660541
0.105358503812645,-173.5821149623616
0.06393853892115545,-110.8641389897951
0.07103784607475425,-121.7298396075719
0.08258807462425753,-143.3387103832656
0.5935040833853693,-680.9792871006483
0.2891246530171152,-398.3185850227606
0.05956829774707065,-101.5089738169372
0.1827288733326071,-271.4511951517954
0.9254457386845447,-944.6528362980248
0.04450453784604497,-85.53570130992304
0.05217209852535967,-91.48873533340769
1.508426891946867e-16,-1.386294361119894
0.02590074292758846,-55.09476771145782
0.1053688737914918,-175.2114245914069
0.06696802870617592,-122.5365982896309
0.003691817321147771,-9.752886472217796
0.4058927958594885,-496.0286076659359
0.007395310579494361,-17.97700115499423
0.0937283278183703,-159.0156263045843
0.0746142490710236,-131.9376039871277
0.0259133290287531,-51.86372478986669
0.9219545829210923,-939.7499293009091
0.1821969570345353,-276.764208681196
0.06324993732312525,-108.0267830737507
0.3009384163523001,-407.6782219588496
0.466167745664013,-567.2615175700909
0.01847282907671126,-38.43051000494901
0.02962828756655378,-60.17775200450464
0.1435220849705979,-224.5472982536491
0.08577371758712796,-147.5506659191612
0.02964848052971276,-55.93495874278318
0.02218429910539741,-44.16611088341034
0.02957470736133479,-61.20480041554661
0.04073726116171825,-82.29563142365016
0.003687802769608851,-9.593747337055277
0.007375871347152856,-17.13677176174814
0.08574855220697984,-147.5573816566117
0.1787098427635896,-261.5444134654906
0.06711726037225578,-124.9426676120862
0.007380710341950108,-17.11344866804539
0.007379109480223719,-17.82284977154065
0.08219978376946764,-142.3392463644698
0.01475062865769104,-32.79918650342353
0.01475866403069895,-30.9735700830106
0.007365169153502849,-16.63578120332311
0.02583245746730092,-52.37415911635171
0.1245692194211898,-200.3168528599596
0.3352915310113394,-437.9983427002605
0.3095651284220095,-406.9412956698549
0.09731206190692354,-160.3475579026307
0.007371463894917924,-16.45814448775255
0.08936322476495813,-156.6609817579544
0.01845549558533786,-39.55660926210726
0.05220924089424266,-96.6241208496352
0.7702064398396842,-812.148074377342
0.0935865963103033,-159.3340233914341
0.007374932506070115,-16.71161636508231
0.333570960939527,-439.7278816114527
0.3836041779719545,-502.5838268556045
0.6672445457918498,-732.403810140099
0.01845192822814824,-39.45430672635793
0.007372006706941642,-18.12042818161503
0.03329401567718045,-68.17922400424007
0.01106233536588234,-27.24608464040939
0.03703254780510005,-69.79405573218656
0.1468047988565358,-227.6134041847307
0.8242259508904881,-856.1275264132653
0.9808924810327557,-1040.813365545172
0.07444778119408621,-129.9093787956267
1.514086401655425,-1406.357582536994
0.1809332752457274,-298.5179409609781
0.05563447613328018,-103.6397288662972
0.9431738370340026,-1022.868145384885
0.821411570484971,-853.5436026914304
0.1430181502886167,-222.4127085222462
0.07091809185209605,-129.7918903874546
0.01477509416155747,-29.65207111635648
0.01106629027831743,-23.98284510933951
0.6876757663433013,-745.6572573831761
0.3878159272624736,-503.6329123532937
0.3416215066514454,-457.5006386202215
0.1129506424632619,-181.9190886930758
0.007373069579336106,-17.35557408089083
0.07462333554710715,-133.8496932372841
0.6592249795760307,-768.7906903569444
0.003685842570555846,-9.715947147619062
0.3298740582554656,-441.8078099915188
0.4315892516549059,-552.7012114594887
0.09719468629171138,-162.1985238404794
0.1429075158500439,-219.3198250724483
0.1158771103341878,-193.1588259211981
0.08959176047788178,-148.278015251525
0.02962343818294389,-58.18399633639777
0.003690285094117536,-9.714742361130163
0.02217712728230221,-44.31494176945746
1.156601962217117,-1076.729165328761
0.7869937458852363,-845.2564876530516
0.6880511224866513,-768.83088278335
0.124564797605432,-201.8867566987939
0.008270865028508887,-16.34960149483261
1.340776922590669,-1060.833800130002
0.05406210118627165,-91.40962139552073
0.03701998600505645,-63.06242068865554
0.5343971066165433,-647.1589451507278
0.3062352323823161,-412.4286749108315
0.4169776932660691,-499.073903029785
0.8503216202101747,-799.5845916486837
0.684780941558795,-723.9584492164787
0.3903524531644486,-43.65599069362499
0.6253297786850061,-742.5632154733005
0.3598910503401482,-479.7493233661128
0.8578934504730164,-902.4020396270661
0.2217068668896355,-307.5286140712212
0.1124442771263964,-169.6375887722717
0.8426415990185875,-802.7016773924698
0.467117381739004,-547.1669396774149
0.7291300774593851,-787.0494001226895
0.1085721040575229,-183.3827167665519
0.008184646769561281,-17.90212061469164
0.01647650960736949,-35.15466521451228
0.1515541404652286,-239.7051438472158
1.508426891946867e-16,-1.386294361119894
0.6675875312250902,-752.1800526304681
0.7957403533612855,-850.234128170337
1.086842259253133,-1030.739409716165
0.04078256272143155,-74.03835991509435
0.4399625806804113,-1.38629436111989
0.04830230109053372,-86.31579746305019
0.2536734595386084,-351.1485689147519
0.040922170050859,-74.46893727132333
0.4619498947858984,-582.4468689418694
1.42830357285395,-1209.591798402626
1.281473533835903,-1160.856829766531
2.199091463113395,-1543.586284331896
2.530806916344897,-1615.903005030757
0.8856962743572772,-939.5370848162473
0.7272213199073257,-818.985499811904
0.3936213320781583,-521.5922723026821
0.1097980990883253,-168.2215542290644
1.024092359332381,-907.7198905401481
0.4230247745125916,-456.5948442563883
0.03845013921229053,-63.24100350088693
0.1489912240147679,-141.6208361940112
2.193049088101828,-396.3758575718819
1.652719914265474,-692.282060140584
2.559794058622088,-863.1853508551607
2.75710141533473,-964.4715153757346
4.179687072463124,-1018.149347029796
4.719088836284649,-1045.135697108624
5.468925053922452,-1064.018601046873
5.231091042471988,-1028.123384519995
3.691697300182982,-936.7422308306334
3.838096199739902,-739.4084510465213
2.017712963006857,-550.9127608197923
1.888305877152309,-821.4332943348514
1.471511019505881,-1254.360224918596
0.8637286593108088,-904.617472649355
1.024178662995846,-1023.204470505404
1.229549544458355,-873.7849092200697
0.6445546649401755,-390.0496873109513
2.521563822394739,-738.7132844932642
2.269381080365024,-578.2578481358154
4.59154116444809,-773.6275812521262
4.04929878350374,-964.8569440350335
4.98686981597473,-1013.828248789789
4.993905348449374,-1055.842663416672
4.917929371516606,-1049.120023529911
3.837376189705335,-1034.067858357359
2.979675783837199,-981.0395316881275
3.374304085954838,-939.7251597484623
2.015140484934876,-806.1775221288826
0.2154802093683745,-274.1920313441911
0.01702427450547137,-28.58667161080139
0.03863641706126956,-69.16287169936111
0.403625363230427,-442.589691893982
0.6490915205442395,-629.5192879222037
0.1805590548536551,-240.4554089175107
0.117625469944899,-168.6490663498703
0.1559563904279011,-236.6968473491628
0.7004264268801677,-805.6853177880057
0.9713585791921978,-1015.800515272952
2.400640152350239,-1601.260957857114
2.230377483409228,-1544.815239879685
1.453145984342515,-1240.861204456244
1.434822769081285,-1180.255526534004
0.5018610297055276,-619.6561014387613
0.02966342554818052,-58.60525909918738
0.3009920478781408,-417.3412893022833
0.5667353343833658,-659.5114960751355
0.09369430933866998,-173.1033707918797
1.508426891946867e-16,-1.386294361119894
0.02958823428221241,-61.43501000409013
0.5802893495337513,-690.7986314386915
0.6211508249610941,-703.2169170697911
0.4106419100972324,-525.2401005483179
0.1993221669354451,-293.8366524907583
0.06617938667506276,-10.34779792806125
0.07061062596290102,-123.8947757422608
0.06690102913708479,-114.8792134651393
0.07059546973209317,-125.9779041141138
0.2546570901391821,-329.8599043924356
0.003671112324530423,-9.598282939409955
0.003671112324530423,-9.598282939409955
0.2119125086692956,-308.240996815885
0.5616396759006007,-73.10209251571683
0.09337744379172883,-161.0829672310434
0.4288079195902031,-527.9626266700087
0.2282744106477235,-330.6645126663859
0.0146832977477957,-33.26075069626248
0.007357866460327583,-16.54031852624738
1.508426891946867e-16,-1.386294361119894
0.01101686630532655,-28.88098309967224
1.508426891946867e-16,-1.386294361119894
1.508426891946867e-16,-1.386294361119894
1.508426891946867e-16,-1.386294361119894
0.02204863431904598,-46.09788829590991
0.01835958512638793,-39.89115413149945
0.007332392293228955,-19.82634555262058
0.06291084229591021,-112.239803131017
0.08547046481646536,-145.6071658032662
0.02573753889379474,-52.31914145372671
1.508426891946867e-16,-1.386294361119894
0.003666393449980365,-10.2825324401592
0.003664854937368609,-10.28295208346739
0.01100689184600671,-25.51408608335781
0.05538650775304123,-104.2746451114129
1.508426891946867e-16,-1.386294361119894
0.4030518093165921,-500.8712265132233
0.02574385777423343,-51.6852103746847
0.007342288870878351,-18.2468600848959
0.220487724693398,-320.9928627278604
0.4073835952130873,-510.046528221117
0.2163266845306707,-324.8754203201996
0.2081417954295613,-302.2422030342817
0.1899147643854117,-287.3995145144836
0.4266931682589312,-537.2228959326135
0.5982516627151996,-685.5381482321966
0.5584622163127201,-671.7166355938984
0.02203857794966997,-50.82957555984999
1.261125001547278,-1217.556077618596
0.007332672278120387,-18.13505879573854
0.05931555415501949,-112.7532341388044
0.02580249360524377,-55.01640251691234
0.06674407875086973,-122.5890841426904
0.02206681117804407,-48.34675183252097
0.03318420155673453,-65.97466720272601
0.3558549518963177,-477.3132108709257
0.3145560570798589,-432.9694931611417
0.1504267836568865,-249.3968237472491
0.01468812128196997,-34.56827196707471
0.1273788119824826,-222.7136443908314
0.126990559286787,-211.8544651232413
0.09327338473620649,-158.9808701410818
0.7329870120297701,-816.6217414481602
0.01100149245649701,-26.97302369355124
0.6918354990755018,-792.7809412256881
0.003665170204565893,-13.22877983369986
0.4318732704476907,-548.0568007139926
1.508426891946867e-16,-1.386294361119894
0.02940494298110812,-58.54292692374834
0.01467349140766408,-34.60959565085099
1.508426891946867e-16,-1.386294361119894
0.1312300289849281,-213.036026305249
0.07809371174194027,-136.4424861434717
1.508426891946867e-16,-1.386294361119894
0.003663856755197779,-10.22448712627559
0.03309457334643057,-66.98379597150102
1.508426891946867e-16,-1.386294361119894
0.02575163752950374,-52.72745258391272
0.9400691089444463,-948.3634147212845
0.03683264047084083,-72.29317513695962
0.6268687423746917,-728.3530998667245
0.9042288615905867,-916.0952037964382
0.6578312917609132,-739.7330388243716
0.06660288193515744,-115.948949995343
0.5422815534423603,-666.1146333261859
0.007330525002574938,-18.44266653848645
0.007327103592175204,-18.79253899630478
0.05909977914672839,-113.104286003465
0.7812559078325724,-854.9037777222542
0.198993231168464,-301.0508168046889
0.440011538641148,-1.38629436111989
0.5375140340626687,-1.386294361119889
0.4400365525743332,-1.38629436111989
0.440011538641148,-1.38629436111989
37.52006255348471,-2.772588722239758
0.108089004189313,-172.3499336219924
1.838660128004796,-1412.75940053587
2.394480634421833,-1696.079401745013
2.996084574218244,-1845.490801505582
3.197236843813066,-1813.36816833029
2.266997235332074,-1573.638640725472
1.215368794833571,-1161.613849765694
0.5183392887263965,-660.1117977768562
0.3261863315996581,-431.5651137691551
0.05168080704210265,-96.64364450577166
0.1871071243380432,-312.3961765141192
0.847792548878322,-917.5301333932962
1.709230169192587,-1361.418818581388
0.854731030786805,-863.7298380227915
1.898892213985834,-1462.35907627192
1.231530423198913,-1130.072355330326
0.1997480450840714,-292.8002865637497
0.06265302860284654,-119.8508121420185
0.6199770896716001,-708.7008461945551
0.1227069563782546,-201.4980438656254
0.01099176582864686,-26.76482183510568
1.508426891946867e-16,-1.386294361119894
1.290337046104063,-1200.682098250536
1.145629571575651,-1072.091642919528
1.080885365846164,-1054.201195335184
1.322318813852425,-1184.617448143473
2.485590988476421,-1650.372814337683
1.681559311089735,-1322.255641260908
1.259504332722222,-1181.271742384196
0.07415578091612025,-129.4547366373681
0.02203041155886602,-45.45988852453853
0.1729579459033756,-275.515476804378
1.433393587756999,-1305.304906209383
0.01466628478564461,-33.73998173847633
0.02202801725008662,-43.20158006667995
0.08538279686283179,-144.1126103979829
1.610391775766231,-1343.985770863726
1.986835447488931,-1469.734119707244
2.11937862603839,-1526.833903257035
1.196786572938409,-1104.963994246071
1.011521576158622,-1011.065132416235
1.113831239781226,-1036.631526981508
1.326294803825208,-1179.671689944803
1.965443998295782,-1356.285496035665
0.8152315064822804,-53.26522890627461
1.248036618438626,-1149.606567458353
0.1957316561418718,-305.2918110529911
0.1837688185381484,-288.487302624581
1.564926236478703,-1270.547281716884
1.387481198286983,-1211.389050583518
1.294573430094054,-1171.842089962844
1.673970483461412,-1333.660436265658
0.805480267429371,-885.9306236426647
0.2018186980286424,-330.3980467389187
1.019047634223862,-1025.354791362523
0.0109654797721444,-26.63558264807091
0.03303473963617182,-66.35821915098353
0.2695790613538818,-380.9477036261081
0.8009877907744031,-851.6217646290102
2.518813803156793,-1653.563280056089
3.458938425277318,-1852.226695088609
3.496352857321833,-1916.682977533367
2.415410960073678,-1685.001365602766
1.966852030688452,-1485.235601500056
0.1273200418592077,-200.7573753571855
1.508426891946867e-16,-1.386294361119894
1.448714299517715,-1295.522012910731
1.508426891946867e-16,-1.386294361119894
0.1041892763539313,-169.8126275910889
0.3170860809288584,-455.3310677649942
0.7224552444390951,-779.71843501798
2.331544336088379,-1606.459379829924
1.491268414112898,-1270.592916471454
1.171029027904185,-1091.791495334906
0.7946074565418825,-863.2382636791103
1.234627228579436,-1161.008201855686
0.2359754924191227,-337.8632559929849
0.1152703253175598,-191.0996089650273
0.3794317209284917,-495.6141568967528
0.1569440025643981,-256.8630873673578
0.09608741051967939,-168.3190404983122
1.275824501809969,-1136.65892675786
1.552662345346741,-1289.795891053215
1.049324114277817,-1017.391188790312
0.7685122455716822,-832.2742667360985
1.100620384923294,-1058.890371669629
0.2913476269504215,-429.7273018597528
0.00731178742960783,-17.27213616597572
0.02198493424960393,-44.21678411850193
1.508426891946867e-16,-1.386294361119894
0.2820445830974016,-399.0095545793864
0.3010479830319936,-411.7560122136733
0.7257474473115747,-791.0012516775161
0.4343964460391778,-527.7092332982201
1.214783541030478,-1118.714110856582
0.735657027009781,-826.1908349868623
0.08873944327575684,-156.3069850962678
0.1152540297752182,-190.0445913557593
1.508426891946867e-16,-1.386294361119894
0.1612532292619796,-234.1346462642572
1.508426891946867e-16,-1.386294361119894
0.03671082879908794,-70.83152671083587
0.2834663017842742,-393.5433402780574
0.2049637008965931,-309.3340544540829
0.01096701891361219,-26.08335355025432
0.01096962737195391,-26.82929484594668
0.1344432332603237,-221.084530319183
0.1838093307361117,-304.4150527792747
0.05895215796480489,-109.3119799974787
1.508426891946867e-16,-1.386294361119894
0.01097451201043799,-25.48097680905302
0.2117142059425964,-317.8944330236586
0.1037366468706719,-173.7843254778873
0.2899395339684296,-415.5428159985411
0.1841672178014457,-277.0681267580549
0.1114608347083415,-174.8688471700786
0.09989762718992634,-167.0302343763654
0.003654579652426662,-9.805860415473035
0.4355562640884221,-609.1133129354499
0.03670043461668954,-71.41390229833662
0.1079206490607259,-179.9281629786142
0.7973251947152771,-868.7724244316081
1.15504325649698,-1080.520182952811
0.4169244983885783,-514.8865034734671
0.7121144220641569,-780.9603507455716
0.3311698696080021,-442.7177526374462
0.547001760070169,-659.0329879383573
1.508426891946867e-16,-1.386294361119894
0.003655083782174869,-10.82909279165659
0.0109731130813377,-23.94645447883843
0.3562118634645517,-497.5720398796167
0.2186742984329698,-325.479540578134
0.217275850041392,-338.7564543764254
0.01831952920880761,-41.97150083301557
0.7889015087609926,-82.43611734470258
1.322760034617284,-1246.956634397834
0.7320678596565686,-867.0834317229589
0.3215145853435271,-405.0956051058263
0.3675650905488712,-488.033227521028
0.0219549934778595,-47.32127274442917
0.1118779609904431,-184.260313526631
0.003653176013359999,-9.806244431460954
0.111050776030181,-189.5644682561706
1.508426891946867e-16,-1.386294361119894
0.2904028280447065,-425.388543969975
0.1157324242132869,-188.2121791482385
0.02568269668388017,-52.85051191303708
0.3142692290466585,-433.7834574667171
0.7794586298829198,-877.2351569300026
0.7697479778270317,-833.3015720801147
1.003166185467013,-981.2848632343114
1.60719355767259,-1317.495089022776
1.27001280117039,-1134.323871278228
0.09999874157657669,-173.9712952004634
0.1684106221232431,-267.9143804296576
0.2986805332688268,-416.0629483540076
0.1760951002712308,-278.3737569825285
1.477696407052586,-1274.500371068122
0.8793935905427889,-915.552504691095
1.211899220189782,-1117.676261124869
1.634513626471529,-1204.590821439093
2.059095687339533,-1521.237656353224
1.695180533027683,-1411.448539716379
0.7189903982968113,-81.36097607953651
0.7274097806862898,-770.4290507931687
0.3257788881752035,-465.4776554653603
0.1005199145883759,-162.3131412050043
0.01098939450871001,-26.49528132359417
0.003662455910396704,-9.803712389145772
0.003662455910396704,-9.803712389145772
0.7360766868869443,-817.5713543830722
0.07023318456497742,-132.4025196611864
0.01099098819888765,-24.88762056727805
0.5494020235275613,-656.6454540640736
0.03671751810030759,-72.27073749314609
0.5820677766490059,-678.8679818674767
0.4853737975925931,-593.3154440848059
0.8627439716046907,-877.3381875019991
0.6231630443198728,-726.8819011114276
0.03677065092040178,-72.31002757799543
0.01832745230080065,-40.02302696664033
0.007316417745366515,-18.51013687850032
0.08135893860312821,-145.5989598175818
0.1083335755644234,-187.5348621822968
0.003658182615117871,-11.22836831800468
0.1376515412912947,-227.4857795720297
0.5402625936662245,-656.8482478375416
0.3199786098325114,-436.9993985705722
0.05153604506418531,-101.1586282496047
0.01100620759851374,-25.40794689905866
0.007330344150397256,-20.10837561698864
0.7321322989526886,-831.0198711408686
0.04795690453500098,-90.81974510881102
0.1344022042966684,-225.4553084450635
0.06289698668192423,-111.48741066441
0.6930032533054682,-790.3912754710177
1.508426891946867e-16,-1.386294361119894
0.06672080194045214,-115.5375746964459
0.3086464877301863,-407.1562685829956
0.3639306126970501,-477.0615754186526
0.0146760763899679,-33.31078328268629
0.01468845241814198,-33.19836314931955
0.02571519447306637,-54.97636916325825
1.508426891946867e-16,-1.386294361119894
0.003664841297980057,-11.65077233641399
0.003666525354787342,-9.802597449694986
0.003666525354787342,-9.802597449694986
0.003665339890455981,-10.61289526573779
0.04073576275928473,-81.71785104683295
1.508426891946867e-16,-1.386294361119894
0.007328153763464434,-19.34585250311916
0.01467215646170915,-33.20280110816408
0.01837217517150233,-39.21710836653895
0.3554433187748698,-471.2601777642158
0.3045791591866406,-407.0680245212528
0.0146848923205134,-32.85651879152127
1.508426891946867e-16,-1.386294361119894
0.003666074023689206,-9.802720490042049
0.05914323554446001,-106.8956690121779
0.003664580259768279,-9.803127954599887
0.007327551055250871,-18.09468924294194
0.06269992582037477,-118.3481283869587
0.323492806018109,-439.7222032399997
0.5590885448817154,-670.3875655803395
0.1302346462706222,-218.8620092333758
0.007338772276778258,-19.10793230520552
0.884757733055558,-952.8487691425078
0.2996488511459932,-406.1605165074021
0.003664580259768279,-9.803127954599887
0.02572124765504896,-53.48578408767727
1.508426891946867e-16,-1.386294361119894
1.508426891946867e-16,-1.386294361119894
0.02571446468435163,-52.37932510474768
0.3902064955577671,-510.1255010933128
0.3014204419360853,-428.4077570881021
1.508426891946867e-16,-1.386294361119894
0.04795082662740563,-90.72434261563198
0.8873830967025318,-910.7219842617615
1.073251621030224,-1013.134886508976
1.255436983759921,-1192.437169816673
0.4443604954923591,-584.1878100792904
0.2108843079244627,-339.1467112578673
0.07776875730627152,-146.6833491271669
0.4384302378213579,-561.7684191401964
0.2037603120148581,-312.5035751390476
0.8145007661159278,-889.6078396553457
0.4653154119371578,-590.8483763238502
0.3116289417148747,-415.2320502922979
0.2343356344618968,-340.8769877331324
1.346739864755851,-1195.233877492589
0.8202127392932015,-867.3384511611409
0.4464599887578526,-561.2049711158926
1.833539686424319,-1422.959654658601
2.180105364019751,-1620.339880794236
1.778680494822297,-1395.351606921351
2.206427763507859,-835.5271482876957
37.49933778357942,-2.772588722239776
1.109198310856448,-206.1668351656362
0.5884260262612381,-81.24919674586465
2.642444468422623,-18.69423652990978
0.725456548493947,-272.5545641084419
1.309050023678148,-887.2182775890891
1.01846507327482,-1027.310536460055
1.206092908613196,-1139.322963436922
1.365181947481094,-1218.550167905928
0.9677224690695952,-892.1902908889008
0.6488849444571393,-221.5301524033328
0.4854493089715197,-230.3629119370591
0.4747576217611718,-49.09714290084496
0.9069200503604347,-15.7892952212443
0.6163404051213748,-81.63378580156839
1.41844406961351,-231.7844868823263
1.758755629887681,-745.454707489392
1.73045635347446,-1349.548373045039
2.434536916110546,-1691.812601488154
2.21891855217776,-1589.371112339314
0.7402595304796893,-804.3597119405538
0.7987921150663437,-861.5021701743717
1.438217415173742,-1253.016077411071
0.1190976561515641,-200.8139631837074
0.3947918343048831,-519.3076771052805
0.2786708246979296,-398.4512679716885
0.8856294696090655,-940.4224589703116
0.2507036967718054,-371.5647513448747
0.2820574899457186,-400.3717064000826
1.897462137282287,-1461.160790331528
0.1388925252336506,-227.1367528357149
4.53846293332329e-17,-1.386294361119891
0.03687062002904128,-75.01929504660782
0.5439486522542323,-666.0221626091374
0.3736528378217199,-510.9532252353874
0.04060939677133726,-78.27096830605731
0.003673566649876053,-9.800679003669217
0.07822548961589011,-135.8019286352144
0.3585140517649734,-471.0243483143619
0.1344556798745452,-220.0064915660666
0.5341206222408832,-661.2526903902807
0.7309706362726647,-845.5694449902965
0.07047452011625098,-124.4432453067156
0.02207438369599472,-46.5947287848434
1.508426891946867e-16,-1.386294361119894
0.2117703801324251,-338.9119473798662
0.4493562734907533,-587.7939813343595
1.260454719500425,-1196.575202410094
1.081330879809451,-1018.347855583909
0.8807975904806775,-903.8439904805084
0.06669990419084092,-120.8876206986303
0.02578776309612493,-52.00005690324276
0.1352432223715499,-215.523516064027
0.01102281040487505,-27.37191056970872
0.01470948068954405,-34.5998052512214
0.007343969084489803,-18.33010507234705
0.00734396908439303,-18.33010507234705
0.08579856145286459,-147.9766211862674
0.003673057534969432,-9.800817626684591
0.3358534114681721,-444.7578493133599
1.508426891946867e-16,-1.386294361119894
0.1308719454476866,-216.0538724285381
1.508426891946867e-16,-1.386294361119894
1.508426891946867e-16,-1.386294361119894
0.07432572318362786,-129.8930562384271
0.05188990837490458,-94.05798851181194
0.672154628600367,-747.1318844009014
1.026580166554142,-1013.431604368196
0.09646671335093625,-171.9313574837132
0.007342253206631008,-19.4428996197547
0.003673057240559224,-9.800817626634654
1.508426891946867e-16,-1.386294361119894
0.007343926559405507,-18.3038905238014
0.05537529265090484,-108.7540020170501
0.9177000088295104,-945.6462072183693
0.8703176739007399,-895.2424503333012
0.02209036759962762,-44.69131211597403
0.1857520259855692,-296.9476245313199
0.00367135275438376,-12.29487276411912
0.01103691918195154,-27.62400255026809
0.007356864997010783,-18.52015229307588
1.508426891946867e-16,-1.386294361119894
0.02209049763002853,-45.82058420769904
0.07423158049826833,-124.8558136974325
0.003673821021157093,-12.38410937278111
0.007350788803158374,-17.68444570787655
0.01840753144784714,-38.72146092770899
0.09698658821000362,-172.2364084062974
0.1316651306395163,-215.4261707325179
0.007355202058999901,-16.919759547667
0.003676283763442686,-10.65767877569046
0.003676944694338908,-9.799759986586963
0.0594833574511363,-110.4788505171889
1.508426891946867e-16,-1.386294361119894
0.06704615240933426,-114.4611502258627
1.508426891946867e-16,-1.386294361119894
0.01103425605322124,-25.67841456358806
0.007352688867026593,-19.17601597934612
0.0110323371205113,-26.3051728818438
0.08204125635263013,-139.7907286571967
0.3428663423400783,-457.0361249797924
0.1933276063005606,-274.7478250100251
0.1204735732371268,-193.67367399909
0.08960699409372211,-153.3239353967846
0.03327091445880266,-65.57429727500957
0.01846250845889725,-38.35001322977199
0.8376689537920272,-82.70631474853654
0.007362441119968971,-18.49281009486494
0.00368771664795039,-10.08172038341496
0.007381432824774305,-17.58317150760884
0.007365918539636531,-19.14068440847312
0.05952519353228964,-107.8426825688863
0.09323924177876125,-160.0462219124983
0.1815270587443982,-277.2855087003714
0.003682325408477916,-10.08318370695753
0.120197973750324,-201.5062522230915
0.003694470475550064,-10.07989100358219
0.04457572166722768,-83.04646109735573
0.06333602636397435,-110.7256821130355
0.2185385780285389,-314.6504404421769
0.2362607105356679,-343.6589841757839
0.1299469869816298,-207.6821672484382
0.07844470401406549,-133.487803831441
0.03340336334457924,-65.69232198331245
0.1052049931860353,-184.1829506106375
0.08221107636332985,-147.1415870089415
0.01852899906092459,-41.81760235484694
0.108938732395262,-187.7101087606645
0.007400046880650714,-17.88519323457855
0.2546098489983885,-348.8288986216078
1.508426891946867e-16,-1.386294361119894
0.007402814601063089,-17.59955997062478
0.003701917849475869,-9.792991779636083
0.04841764181211949,-93.22922307952231
0.06737944715764052,-115.5755281761766
0.01478952664652616,-33.51480266135472
0.04839826179431005,-85.93236690956616
0.6769301512638453,-741.7619121599893
0.2014731092482688,-279.3767171274272
0.3416161179046925,-436.5924607929801
0.320330692055821,-418.9772003556496
0.05586215655462756,-99.60796546275421
0.09794311983889249,-165.2268827479963
0.3079219127942001,-399.0026302010205
0.007411268659531628,-17.88216391330555
0.04490128834351409,-82.92803679721925
0.2136948234527877,-315.9763169381901
0.1835607399941847,-267.5034988209533
0.3325611527165878,-435.166420842084
0.1510580342594845,-236.4147677627101
0.007406339308995771,-17.09653860986751
0.1323258872502083,-212.8184972705055
0.01485579317717779,-31.51936145766484
0.01114000873358143,-23.68392594869623
0.2352601639739038,-332.7945936907466
0.007406172855214294,-17.42899748034068
0.02230052875383477,-46.61671771796657
0.01113804621482834,-26.0694710591312
0.6041574009268268,-687.4379995575182
0.778449488063789,-853.0057024060044
0.2693022927862319,-394.2063701274823
0.9429680095049698,-992.9723532948071
0.6760929257858275,-749.123853341481
8.756785327781439e-17,-1.386294361119891
0.1444971997364596,-198.7019424953423
0.05851367057177283,-102.5121273599921
0.07890032554848335,-139.5159944152352
0.1751839526693716,-268.0646193181055
0.1055299984019297,-185.058806317267
0.1682537871252586,-256.8821828549129
0.7156199635969263,-90.25833459310579
1.186824119924103,-1122.034574234751
0.4749219025667735,-1.386294361119888
0.5794714323672789,-1.38629436111989
0.603391687105046,-1.38629436111989
14.54642366630242,-2.772588722239762
1.735250089365471,-607.196191938448
0.6891678070997128,-44.02559667884367
1.656410233679821,-1340.86664314928
2.214064467824824,-1540.703236485181
2.582033528415304,-1725.729816913064
1.215745406990623,-161.1344652719758
0.356363034142585,-54.83997249680198
1.667445065599149,-1387.689889699325
0.5638692854320884,-671.5051290807113
1.295248257688309,-99.55050483578214
0.8131451778119757,-861.8970772253317
1.012447896865249,-92.81380332372676
1.025159159357365,-1017.549087770304
2.610224927104759,-1709.094512700419
2.341842301170993,-1635.88861421256
2.612758504425313,-1761.527058427019
1.175730122888451,-324.9781087583823
3.183047704482508,-1887.213230249213
3.454066217949929,-1895.878099799842
2.480472212338928,-1666.221659506891
0.7154756664783458,-84.88393074636906
1.505216530821496,-1247.458409214472
0.1519596605974564,-242.9559416095153
0.01485183612141807,-33.25018166686682
0.4723742844073263,-599.568129536191
0.1092746587865591,-180.0510039276486
1.365444866537439,-1207.623173254834
2.446880104656489,-1663.356928564438
3.269936001042639,-1849.936715510252
3.059954941604166,-1866.754765536336
1.209294519644899,-356.7432888999582
2.317510949043962,-1689.373453722824
2.769425766156538,-1742.510860763028
2.280487535099069,-1613.053972487153
0.9092628634823368,-877.3167322362299
0.7387624198197322,-585.0059786433093
0.6386241597035648,-412.0858865650744
0.9154165388111533,-219.4147716692841
3.054211036205878,-153.4810672252859
4.553739660089515,-100.3453088264211
1.206649240627407,-980.7660108435964
0.7826160173667154,-731.6803042301316
1.508426891946867e-16,-1.386294361119891
0.8630966921448053,-891.1546782743306
7.816686981824494,-17.24507953730947
0.8041725253139841,-6.236427728978684
0.7468126055079868,-792.3837120759605
1.174832272670875,-1100.354474578485
0.9817689730188166,-948.8410884834713
0.4020674732818937,-83.98250039292827
0.6363314055639027,-643.5242733529562
1.179958284913511,-968.9171549119992
3.084659284022651,-85.51228498019113
2.468695808252434,-129.1176536542601
0.8073283884511061,-192.0426230466442
0.6092005899459751,-379.1562637898434
1.486238480891587,-957.1237505690425
0.2188103968602093,-5.379813393269103
0.4605851556227101,-3.987712875813027
0.4749408790952591,-1.38629436111989
0.8655412973277036,-927.9271172174616
2.027025414719679,-1524.514564973421
2.400398557968378,-1678.366653104688
2.064707122426213,-1482.406283160848
1.478676950208396,-1262.030523519195
0.9526707112457443,-51.27793026450319
1.530488521833353,-1159.791702242121
1.14577332035387,-1086.106457876496
0.2150675829791478,-313.1270665238997
1.227043114154021,-11.95373792321698
0.1099112428808233,-166.3732513813062
0.01489313004964478,-32.24005774353702
0.01488935592791385,-33.51432305327408
0.048735534599159,-93.84807144893593
0.06390584913445219,-112.5388853305135
0.06377682282660679,-113.207190300036
0.2604867436035759,-355.961041217448
1.508426891946867e-16,-1.386294361119894
0.01491393654571441,-32.85657261489271
0.007450827917853937,-17.17077561791001
0.003725638480040248,-9.518962370518835
0.1020917591396581,-168.0832670255764
1.508426891946867e-16,-1.386294361119894
1.508426891946867e-16,-1.386294361119894
0.2196511458302947,-319.7567071005734
0.1215347557533932,-197.0498983599039
0.04494316162544152,-81.64848084073782
0.09094645554926019,-151.1967936449772
0.01491931732243723,-33.79186358941173
0.01866705383543887,-36.96436033977673
0.03739094413020261,-73.58515611170237
0.01865827535465231,-38.42259842199314
0.01865365536155491,-38.73207553760227
0.003725638480040248,-9.518962370518835
0.09450995030624228,-157.175027113999
0.02244365084184391,-48.20365340935767
0.03006521759476047,-58.15661434438242
1.508426891946867e-16,-1.386294361119894
1.508426891946867e-16,-1.386294361119894
0.06778482357673224,-114.8632048378169
0.3021246211706431,-393.7652705914834
0.1599485381526482,-244.93484386445
0.05649099559551705,-101.6862880649187
0.01493856432284735,-33.08441035737394
0.04133925554607871,-77.91853060078394
0.026179064998888,-51.73014660795199
0.1482669542806523,-232.6322572325489
0.3317278479026384,-418.0225296170025
0.1099777469535113,-172.2411830724969
0.05252020771518148,-93.18283720775376
0.02617861150114231,-53.79392155403893
0.2326711913038961,-313.7247069056248
0.2760396015225459,-361.7989773250088
0.1852680408406024,-265.0282389550652
0.1140128226739479,-182.1769724503201
0.01866180286873146,-35.51710064193757
0.02991817160177077,-60.0855005810805
0.06402409395322295,-114.4416400340852
0.007449335905793436,-16.43970693061887
0.05252734891889171,-95.3792759597233
0.01120033740169601,-22.84058874989501
0.11811059713591,-187.6421077847662
0.1846883920212103,-264.1604327186411
0.2804165453582821,-362.0095871191842
0.2695612972829939,-346.6817187447182
0.4033570937671146,-492.2334718828856
0.003724021071225004,-9.781901161051508
0.00745202722695078,-16.70149009571189
0.01118633007288715,-23.34708814802472
0.03751044289837628,-69.11943482247075
0.03372113128852603,-64.98311609404243
0.09069683396763652,-147.4899244273213
0.007449144272201893,-20.57628380725161
0.0374338677315358,-73.33280116585208
0.06388255910452766,-112.9916982432039
0.01493522833697543,-29.77983348539648
0.007452435022192921,-19.78064840364499
0.05634140739076401,-98.09072186438934
0.01867590403488979,-38.52623869031791
0.04513776668078194,-81.89003810666095
1.000726244418647,-957.7644971922397
0.5440982565052636,-639.9814192287913
1.049259265043005,-1027.042610217999
0.8402826890391012,-878.6710693991016
1.361370805508329,-1198.088827991983
1.576373443697008,-1254.942193059513
1.146783905819905,-1087.524716341351
0.8813441530667969,-878.1413983257416
0.3517534428714018,-455.229854819836
0.2428297209587052,-356.483404133065
0.0150248149145187,-29.81196859547208
0.01498938764768051,-30.81330903720597
0.4288971164440902,-526.0249282681549
0.07154819225487824,-91.84821062227765
0.6391556479039658,-572.0928914206785
42.98491602700869,-6.931471805599366
0.1015187539664134,-127.3267825836622
1.691841851367973,-1009.917290906776
0.1845969329504618,-215.2970055916028
1.353045244690428,-934.5744311667638
2.396608802711202,-1250.677375925272
1.393111649994539,-547.7521978135616
3.247224484729148,-191.4109395127006
2.215385260225066,-167.755189925131
0.7937398781402517,-89.04226665621829
0.6539832293724271,-721.2482707228246
2.594043610647556,-1785.258482600061
1.207226704578003,-1130.204284295424
0.7247031984051718,-493.3018347125188
0.7532368939208089,-85.88577939780428
1.862203355852637,-157.7621790855152
3.237151730735553,-197.8491791527739
2.048826832841909,-635.5070863075899
0.1057663202462556,-72.37622653637301
2.415608984106044,-1257.43449621926
1.246494499595284,-893.8627520825158
0.1843976476064106,-214.7328441892491
0.6951579100733409,-611.0562676027751
0.06725513235650275,-89.6456860617852
0.8032054003491914,-818.1460702451543
0.2644545644203992,-337.734310260267
0.07453876331995266,-95.42983848643239
0.1341414169881165,-205.9614441041527
0.3498389000392155,-472.3041799204496
0.3893031878731784,-491.0199227421954
0.9444178226276708,-911.9963565261708
1.757082299633133,-1399.685570619403
1.604681178611376,-1255.163917348006
0.7862242648332587,-824.7673506237096
0.8575810431593949,-893.583121061929
0.4522592409558979,-561.0553625886845
0.01127369663545355,-26.48686518330258
0.04524568357779152,-82.15330594872935
0.350895905387055,-471.8088154210188
0.05291440792753894,-90.25264988492049
0.09902128381148194,-157.9991749090815
0.209183967802116,-292.0966926490175
0.8908778972628303,-866.77254047768
1.060615932885171,-947.9565677061103
0.9246249356426304,-879.713809903571
0.3279470721956221,-421.6467653025022
0.5278269254466758,-506.7823638505712
1.016479857989661,-949.0393327147672
0.2873763660481652,-378.2536723896788
0.2058501593410706,-284.8953935979353
0.9609465820926816,-904.4645505819706
1.138450041446183,-999.2380354437327
0.8430116151748924,-839.7928351983087
0.1462213713178955,-218.0271311113929
1.986072920574619,-159.9306922316464
0.08347384279153469,-135.9643694114177
0.03397342450207577,-64.64675352057633
0.03393013431382266,-66.23164764132684
0.003747808714508422,-9.513033449182103
0.01504742233346247,-29.93403409656986
0.02252377510620472,-51.49657110954159
0.02276864832488394,-43.0350949975458
0.01503045038209311,-31.54492809137508
0.7027075347411034,-746.0509041928651
0.08718951729102763,-154.1428868685607
0.3830691989740532,-477.6137964119843
0.04525409178519451,-81.6850845677811
0.01501390574690168,-32.61599924709638
0.04533907515767226,-84.12440572448453
0.6027652476965415,-693.5695194734117
0.1229729872685156,-196.9674364776111
0.01503044797654858,-28.93435836712153
0.1411144027281493,-221.6897064901102
0.01881241907927375,-37.50662698247052
0.0528670953341566,-92.66131967324677
0.05296624790510632,-93.37603160288285
0.01880266659580215,-37.82265742989956
0.1262294970527368,-201.6377376333868
0.2172957960054454,-312.9293772040609
0.01502351751225865,-29.80540015190553
0.01883195470010804,-37.89559090570444
0.382472407154532,-481.6207477090206
0.1730950687584973,-266.4505637212694
0.083513254234095,-143.5446402259101
0.06825544797655118,-115.3261243839084
0.08811852646521132,-146.1926489009677
0.03780392716159273,-70.02237392455235
0.2057897890498852,-287.6077648677282
0.107058143092714,-170.0394054796036
0.1110598733966511,-175.9542365289609
0.2654122086732804,-363.430664761448
0.04904934068768102,-89.16850381016198
0.07188684712394665,-123.7974609552256
0.007497811437041206,-20.98530389461729
0.3962262075716656,-503.105701907157
0.4130757689283656,-510.9334299306705
1.231409565056119,-1102.100522549768
0.3504770237193134,-473.9907773903606
0.7889813735612813,-842.0479480996414
0.6088863687890458,-678.5199951780305
0.01882364452999813,-35.99025178257088
0.01127319275330178,-23.04991792198456
0.003753788811696067,-9.511427193353938
0.01126820188338421,-24.17522732269688
0.6208172922380853,-685.1241554855779
0.1222658692718126,-198.5963333907495
0.03394672930352593,-63.08328935274295
0.003761482240995267,-9.771892905356879
0.08762929630915096,-150.1701437356518
0.1031214728307008,-176.2637810611086
0.04935936681507001,-85.72365032598691
0.1665359819996364,-249.6735990107506
0.1357759622166743,-209.3474161459891
0.2901202354109609,-386.4221819667017
0.231016256026795,-314.3583180011721
0.06075186094904948,-102.0881353062581
0.04552695529725638,-79.81723637467989
0.01504273796284197,-32.08744927205495
0.007512067941239662,-16.42293914639114
0.04530739170645467,-81.83216433605647
0.007523113222167971,-18.18200000130285
0.0301353076063589,-57.65728597700451
0.1300754510182657,-203.9813768573538
1.614940538626891,-1278.522081629362
1.663764978282826,-1328.137131631629
1.501865188525633,-1258.67155412117
0.9154488246122643,-921.6576775884987
0.7144023679622399,-763.4891673015115
0.07208993368808743,-123.6334039807678
0.06061745798952446,-105.7236031490892
0.01129048839760891,-23.14255612969046
1.065696484906125,-1073.52395143658
1.011077398480589,-957.0407141179719
0.2854069653783539,-392.5541536549262
0.6081678662434593,-683.3046213427742
0.00752067453399391,-16.74665300649745
1.789130203371793,-1380.710527091391
1.771731561340335,-1372.365619627015
0.1324945772820449,-215.273748213614
0.022959812558756,-42.54143678468046
2.108161494694145,-1486.588609886544
0.08487011152552994,-147.3893693444876
1.628093018347137,-1312.858993655203
2.291488055152393,-1560.496979337332
1.473207165491683,-1262.205344014948
1.382332996914265,-1207.427221499594
0.01912413292112196,-40.35541777904317
1.021047822929705,-997.7421329245693
0.8130520060042385,-870.8970093839927
0.007622861060035437,-16.7196696816391
1.179318288181511,-1095.615339015366
1.256551407750758,-1151.200178095857
1.993925296005039,-1465.104287043413
1.189952124047843,-1137.31054275159
1.08441122951013,-1088.066163873647
0.4240967900270497,-549.8094333258655
0.03064073987790073,-53.34142683312888
0.1287338925013426,-206.2259385253072
1.542317507745291,-124.479006184947
1.793400828447024,-1373.972137699512
0.1456115408613122,-214.5151122272543
0.007527180741991168,-16.57000743884298
0.338918648650591,-453.026487681501
0.01506771497745865,-30.26162008329334
1.154606033436792,-1103.010497870064
0.6174832245001347,-690.5627630327501
1.609991888973146,-1285.366480330906
2.593830251084791,-1274.374258626428
0.02652056134894218,-54.35193498669341
0.007523850762309744,-17.95474758785782
0.03033417289220711,-59.45470550624654
1.180782821475604,-1063.598392734253
0.9159596113438743,-936.3253486085215
1.531538218748633,-1274.043740837056
1.638049188522186,-1309.475780644895
1.530059979766019,-1239.904023922542
0.6443142726624639,-696.7991084097691
0.04537034259316654,-83.15925974287271
1.015559648348118,-970.2360303281531
0.4030829080741493,-513.6015631389481
0.04918569221717105,-91.64714673422439
0.06455433564407805,-107.3462802851604
0.007522866685052156,-17.96586216366853
0.2139603874488166,-305.4364676834321
0.08389161426895209,-139.7108734820596
0.4069152490126915,-502.876575823445
0.07218985166882702,-124.1008838169937
0.003765540667197944,-9.683226765447301
0.07987633533529753,-141.3892132043961
0.7727633255170603,-883.3645196272457
0.02647959332200023,-54.07294395566601
1.611836218157718,-1308.959963477378
0.6173504507996754,-711.03409338042
0.1808508066938836,-290.6022373419131
0.4828585207824036,-576.9367389070505
0.09567858247605966,-161.2418706448387
0.01132381300338051,-23.03648132267448
0.007558991501367351,-16.3328055051243
0.4320718410446396,-535.5760965394418
1.508426891946867e-16,-1.386294361119894
0.007549195197134774,-16.41308151942599
0.2066621732618908,-284.8223866557177
0.3073335004733873,-410.9442538742959
0.07263236109794426,-120.1808963364816
0.08022579005587367,-137.2485191304436
0.6048595268681409,-686.606330632721
0.1928157722256487,-302.273522022945
0.5990389275038075,-698.8330850893368
1.508929536029743,-1250.625291003165
0.1226970736599141,-199.2456672761138
0.7653481036459044,-879.0059058978552
0.06457686157007103,-120.1987155179308
0.02269030807466005,-42.86192500457152
0.003770003876273744,-9.83312846855253
0.02268538229077246,-46.204579091987
0.07631020309059787,-130.4942370202869
1.028389504231222,-951.9666649787871
1.024665956664922,-956.6812147401677
0.003770395663480961,-9.681938432024424
0.03413549941383269,-59.81653465635105
1.508426891946867e-16,-1.386294361119894
0.1347856806076081,-208.3028743113466
0.01133656632933242,-22.94551608743001
0.1902230248667677,-277.1654992731497
0.1072815175143097,-172.000118537273
0.07257726073488487,-118.5175139457717
0.02272766305732701,-41.09829427969082
1.508426891946867e-16,-1.386294361119894
0.003773917978202664,-9.832090945313269
0.003781687004069349,-9.76653653329808
0.007564933122627817,-16.82250738707029
0.03422417866548862,-65.68135713730074
0.223475731925825,-305.2403185855751
0.09186309885734696,-158.5285712618102
0.06851303552716093,-121.2900024244282
0.6977971431321863,-789.4101553450673
1.094747232965018,-1036.513922463407
0.9817165011494706,-928.2602429384965
0.3703613726725058,-470.6223083264331
0.03030787775181861,-61.86407293204525
0.04187653110350067,-79.14982832243116
0.003784466019647368,-10.18421801511289
0.2083105333626171,-308.6134603612095
0.182343094431679,-218.1388375919785
0.9308687562687696,-552.9502844700997
0.1508291406625695,-236.2113985550648
0.8120493075048476,-809.8362477276166
0.3988294159526565,-493.0910468766479
0.9874909681314364,-959.4786475073406
1.097923338543889,-1037.021652100073
0.6786506719851797,-781.9267363933752
0.07667960341126404,-127.6031049989995
0.08846174118591452,-145.7853331077184
0.123872673719654,-182.8799253174699
0.03056426513759042,-60.67041713216581
0.01139002693480285,-23.11623447538088
1.508426891946867e-16,-1.386294361119894
0.00385879929918433,-9.671165057183032
0.02717555974173118,-49.84969717329081
0.1979056462970767,-301.5129663298532
0.1187652514439072,-178.9657926382688
0.01164932252124699,-22.78622275034547
0.007758384356334995,-18.21766596948675
0.03516623922055748,-62.72376126912062
0.03901042258203367,-66.7072705919505
0.1633803001570928,-233.4981612287579
0.05882773534593302,-101.7508857120082
0.09053157741138079,-139.9544915183027
0.1196412718712468,-175.5083143909093
0.1723743500777987,-235.2501638320347
0.324085223855349,-412.4882428732212
0.09476195172885989,-142.2035764792334
0.02335820126058017,-44.61882534384357
0.01166744648753625,-23.16519828080013
0.01561311623581969,-28.7194105325872
0.08309364722539288,-132.7565199590578
0.007802388035751581,-16.26943908283423
0.03123994271898287,-54.32308473805882
0.07078247521423739,-117.1634899389411
0.05091275818374599,-83.00142682613648
0.01169244789589813,-25.3923176882071
0.05503621851219757,-87.48608522259056
0.143587332288865,-197.3138961339662
0.04705022383130331,-78.17292502811192
0.05908282486119252,-95.7898250651084
0.05120263906266815,-84.54103834883074
0.05140427317672583,-84.77886627143256
0.05530545669024608,-89.00169076399634
0.04324684036375448,-72.509428831702
0.03938838247768895,-63.92662410391735
0.0274966924147718,-51.14147840301415
0.346339453495335,-417.9933926494243
0.3386542160833636,-410.9589405586294
0.3528671914616567,-412.80555654406
0.1322176063708043,-186.518979112442
0.06314333941261578,-100.2802609867638
0.5265018337327204,-567.4388731274945
0.1608595530136672,-223.2886462749962
0.4197418083392797,-486.4042761420632
0.5851293140668984,-633.5770494682612
0.03918242939348635,-67.77999667464624
0.08673466676532982,-143.2647710311902
0.5638215360241544,-627.963016067768
1.134319708353426,-991.8993213117326
0.5886752683931776,-647.7155351935851
0.5160751630959615,-590.3430782681539
1.331912355338888,-1123.331686419254
0.7062612238738065,-730.0897346210979
0.872451599709765,-853.2645762873475
0.8785698463739783,-852.8242659426883
0.6497891512766684,-685.0246569023477
0.3280551286281586,-403.3948216193787
0.3139947245922334,-393.0889292856825
0.4872364191643908,-533.3889685200147
0.3533502170763955,-433.4993346929126
0.03537474086493612,-62.68943481977841
0.1540334783898356,-212.8913438992143
0.3968829055238203,-451.8262548389291
1.235388526545904,-1033.518884058069
1.182660768193012,-1036.624457364693
1.158085585887264,-1020.753744722701
1.510538515251599,-1203.599334317694
0.9882438354844919,-853.0036662516075
0.7028676143088671,-514.6887905478192
1.473087927021794,-942.0738607987412
1.14431454057841,-618.8720501090015
0.8179945059650003,-471.3239652697957
1.194339227531391,-541.0150611036921
0.2314133990012561,-137.5620057818776
0.1611600690931512,-99.63024667458251
0.1158992440160527,-77.04473302378301
0.4551940557097424,-238.0971041624883
1.568919363487659,-281.4566982604999
2.238707272259226,-95.78782683755696
2.195685971298199,-48.91984292493015
1.26445422116238,-21.38068485361526
1.284540732417862,-6.787039103107725
40.65313186454556,-9.70406052783917
40.65313186454556,-8.317766166719275
40.65313186454556,-8.317766166719275
37.52032944852593,-4.158883083359629
0.7106585410274476,-7.889561403521475
40.65313186454556,-8.317766166719277
0.7926878707126821,-4.01966826168519
1.297510772223959e-16,-1.386294361119891
0.7926878591301416,-4.019668261685191
1.011489902104364,-4.126620425858536
1.816811813546451,-948.4468083597542
1.749133258862031,-954.599605728085
2.015165550102112,-1019.761743488781
1.714110864631759,-823.5413544222295
0.3017351183495597,-1.386294361119889
0.4744272522702777,-1.38629436111989
0.5917079953313504,-1.38629436111989
40.72880324589839,-5.54517744447953
40.65313186454556,-5.545177444479535
0.3017351183495597,-1.386294361119889
1.720225086245342,-5.536915500810361
40.65313186454556,-5.545177444479535
1.229197543619521,-6.809718031597371
0.4291580274249041,-4.123544778146338
1.134238910069469,-19.33686477063356
2.104027627228773,-50.32206437516852
2.212467501591273,-77.30191964028838
1.499339246849459,-269.1934495936417
0.4000922934260063,-218.6156823244095
0.1754331348416302,-113.1906689409766
1.029245453636915,-448.2504370833735
0.9648867288944788,-476.6592056303183
0.5540087587332269,-349.4639717315475
1.252418951471195,-618.2582931434366
0.7885082467038561,-530.0870062841109
0.9753488216392867,-635.5655688646257
1.518328809382294,-886.2194626609094
1.350936841265035,-815.0917979996676
1.013640934677068,-679.218096275286
1.251784799095855,-747.5905497611401
0.5076453657139637,-411.2674169649484
1.040366041000676,-664.8646396224793
0.06583134044777593,-83.64249080622852
0.5092294800643202,-417.6488170616767
0.3282776393849424,-309.6418904168714
0.350681715915063,-320.9558099046702
0.5882561236794746,-491.3829200641094
0.9554953642910472,-659.2805162284064
0.7786244557115042,-561.5556713591043
0.5416301402060061,-448.2232915761451
1.422362325541446,-838.9236371815356
1.028726038628033,-709.632599469764
1.287794604853048,-807.6592576452531
0.932616689361814,-651.7019392462181
0.5693843387950052,-471.6442797235966
0.4563042712855421,-397.2919466000915
0.6593395361251032,-517.8866962278173
0.07106610067357151,-83.79812324648537
0.4860936602057229,-407.6446436595435
0.2533977578441696,-241.118319603965
0.4706385862682566,-401.369271822338
0.1339647136025381,-144.1634353638865
0.1759076332816877,-180.4036296390118
0.3898189229184706,-340.4596393667301
0.4662181773267756,-387.042659612778
0.4243312392557579,-364.8360478735073
0.05641156140730608,-72.68996938859848
0.05661608797083136,-71.92007278274851
0.0720493046258862,-83.54215117297693
0.108579469636895,-120.2703497246114
0.04106267754871652,-55.60718940612208
0.0670552495318374,-85.78596558281359
0.08816961188984895,-101.2834626596349
0.06192041686471839,-78.48632882781303
0.08297481885254682,-96.10191607631938
0.1095693119109615,-116.7920101985994
0.1041805077913992,-116.0854026264258
0.08348299829348571,-98.20389272939002
0.09392928122562132,-105.9449601084001
0.0995971791067292,-108.2524826237084
0.115314880384032,-123.2598189987427
0.1371210015249204,-142.3634183706772
0.4036793365143059,-344.198868662637
0.1477707458658842,-152.7260303881007
0.3036133602913543,-266.6881196189501
0.286921471169677,-274.1847625281655
0.09219127490565672,-102.7515390610767
0.1135404443226812,-121.8128037253232
0.506754433403663,-411.4975768087625
0.414712851262505,-353.4231924216202
0.1940364549711401,-192.2539378284847
0.05433316603667528,-64.66809348676922
0.05953634938387035,-71.48324181643623
0.09241263861090354,-96.06379028872331
0.4091646406655268,-346.2899261186758
0.3459113486424341,-308.7957422164537
0.1155706135223646,-119.3190142037376
0.08718142508896957,-98.31867756800071
0.5156368013694231,-405.5474186942756
0.1498687663525491,-146.3887332235919
0.1395670003171425,-135.1518969012459
0.3761844543502739,-321.2848464448624
0.2303487148765077,-216.6591198807596
0.1431318394556392,-144.6421655281903